<?xml version="1.0" encoding="utf-8"?><svg xmlns="http://www.w3.org/2000/svg" xmlns:xlink="http://www.w3.org/1999/xlink" width="1500" height="858" preserveAspectRatio="xMidYMid" viewBox="0 0 1500 858" style="z-index:1;margin-right:-2px;display:block;background-repeat-y:initial;background-repeat-x:initial;background-color:rgb(241, 242, 243);animation-play-state:paused" ><g transform="" style="animation-play-state:paused" ><style type="text/css" style="animation-play-state:paused" >@keyframes ld-fall {
    0% { transform: translate(0,0px) rotate3d(1,1,1,0deg); }
    100% { transform: translate(0,858px) rotate3d(1,1,1,1080deg) ; }
  }
  .ld.ld-fall {
    animation: ld-fall 4s linear infinite;
    animation: ld-fall 1s linear infinite;
  }</style>

  
<g transform="translate(0 828.0890610798397)" style="transform:matrix(1, 0, 0, 1, 0, 828.089);animation-play-state:paused" ><g transform="translate(1413.7135177560037 0)" style="transform:matrix(1, 0, 0, 1, 1413.71, 0);animation-play-state:paused" ><g class="ld ld-fall" style="transform:matrix(1, 0, 0, 1, 0, 0);animation-play-state:paused;animation-duration:4s" ><rect x="-4.216020835700378" y="-5.713906873185752" width="8.432041671400755" height="11.427813746371504" fill="#fc636b" style="transform:matrix(1.60892, 0, 0, 1.60892, 0, 0);animation-play-state:paused" ></rect></g></g>
<g transform="translate(38.39745940820516 0)" style="transform:matrix(1, 0, 0, 1, 38.3975, 0);animation-play-state:paused" ><g class="ld ld-fall" style="transform:matrix3d(-0.115288, 0.984712, 0.130576, 0, 0.130576, -0.115288, 0.984712, 0, 0.984712, 0.130576, -0.115288, 0, 0, 105.1, 0, 1);animation-play-state:paused;animation-duration:4s;animation-delay:-0.489977s" ><rect x="-3.606924356182339" y="-3.3476395401497356" width="7.213848712364678" height="6.695279080299471" fill="#1aafd0" style="transform:matrix(2.821, 0, 0, 2.821, 0, 0);animation-play-state:paused" ></rect></g></g>
<g transform="translate(166.80905285253888 0)" style="transform:matrix(1, 0, 0, 1, 166.809, 0);animation-play-state:paused" ><g class="ld ld-fall" style="transform:matrix3d(0.922628, 0.308653, -0.231281, 0, -0.231281, 0.922628, 0.308653, 0, 0.308653, -0.231281, 0.922628, 0, 0, 594.148, 0, 1);animation-play-state:paused;animation-duration:2s;animation-delay:-3.38496s" ><rect x="-3.377065128830689" y="-5.035196259240607" width="6.754130257661378" height="10.070392518481214" fill="#6a67ce" style="transform:matrix(2.49335, 0, 0, 2.49335, 0, 0);animation-play-state:paused" ></rect></g></g>
<g transform="translate(1085.2015208628384 0)" style="transform:matrix(1, 0, 0, 1, 1085.2, 0);animation-play-state:paused" ><g class="ld ld-fall" style="transform:matrix3d(0.887301, 0.377556, -0.264857, 0, -0.264857, 0.887301, 0.377556, 0, 0.377556, -0.264857, 0.887301, 0, 0, 26.855, 0, 1);animation-play-state:paused;animation-duration:4s;animation-delay:-0.125198s" ><rect x="-3.935271480299143" y="-4.186065773654189" width="7.870542960598286" height="8.372131547308378" fill="#3be8b0" style="transform:matrix(3.07482, 0, 0, 3.07482, 0, 0);animation-play-state:paused" ></rect></g></g>
<g transform="translate(74.43500656802549 0)" style="transform:matrix(1, 0, 0, 1, 74.435, 0);animation-play-state:paused" ><g class="ld ld-fall" style="transform:matrix3d(0.902968, 0.348467, -0.251435, 0, -0.251435, 0.902968, 0.348467, 0, 0.348467, -0.251435, 0.902968, 0, 0, 310.867, 0, 1);animation-play-state:paused;animation-duration:2s;animation-delay:-0.724631s" ><rect x="-4.954754148556254" y="-5.315612926706548" width="9.909508297112508" height="10.631225853413095" fill="#ffb900" style="transform:matrix(1.78862, 0, 0, 1.78862, 0, 0);animation-play-state:paused" ></rect></g></g>
<g transform="translate(477.77540436902575 0)" style="transform:matrix(1, 0, 0, 1, 477.775, 0);animation-play-state:paused" ><g class="ld ld-fall" style="transform:matrix3d(0.946048, -0.200552, 0.254504, 0, 0.254504, 0.946048, -0.200552, 0, -0.200552, 0.254504, 0.946048, 0, 0, 839.562, 0, 1);animation-play-state:paused;animation-duration:2s;animation-delay:-1.95702s" ><rect x="-5.804757171426115" y="-3.0356097806873428" width="11.60951434285223" height="6.0712195613746855" fill="#6a67ce" style="transform:matrix(2.02431, 0, 0, 2.02431, 0, 0);animation-play-state:paused" ></rect></g></g>
<g transform="translate(1331.1839133199203 0)" style="transform:matrix(1, 0, 0, 1, 1331.18, 0);animation-play-state:paused" ><g class="ld ld-fall" style="transform:matrix3d(0.4331, 0.854299, -0.287399, 0, -0.287399, 0.4331, 0.854299, 0, 0.854299, -0.287399, 0.4331, 0, 0, 64.6625, 0, 1);animation-play-state:paused;animation-duration:4s;animation-delay:-0.301457s" ><rect x="-5.769970362064102" y="-3.0430095397645416" width="11.539940724128204" height="6.086019079529083" fill="#fc636b" style="transform:matrix(3.03605, 0, 0, 3.03605, 0, 0);animation-play-state:paused" ></rect></g></g>
<g transform="translate(867.5969824170768 0)" style="transform:matrix(1, 0, 0, 1, 867.597, 0);animation-play-state:paused" ><g class="ld ld-fall" style="transform:matrix3d(0.469786, -0.30002, 0.830234, 0, 0.830234, 0.469786, -0.30002, 0, -0.30002, 0.830234, 0.469786, 0, 0, 795.883, 0, 1);animation-play-state:paused;animation-duration:4s;animation-delay:-3.71041s" ><rect x="-3.0163493545437703" y="-3.281493835674228" width="6.032698709087541" height="6.562987671348456" fill="#1aafd0" style="transform:matrix(1.7761, 0, 0, 1.7761, 0, 0);animation-play-state:paused" ></rect></g></g>
<g transform="translate(898.1300285142239 0)" style="transform:matrix(1, 0, 0, 1, 898.13, 0);animation-play-state:paused" ><g class="ld ld-fall" style="transform:matrix3d(-0.132627, 0.979223, 0.153405, 0, 0.153405, -0.132627, 0.979223, 0, 0.979223, 0.153405, -0.132627, 0, 0, 678.727, 0, 1);animation-play-state:paused;animation-duration:4s;animation-delay:-3.16423s" ><rect x="-4.581275842030273" y="-3.379309774756674" width="9.162551684060546" height="6.758619549513348" fill="#ffb900" style="transform:matrix(2.03345, 0, 0, 2.03345, 0, 0);animation-play-state:paused" ></rect></g></g>
<g transform="translate(448.76506107895784 0)" style="transform:matrix(1, 0, 0, 1, 448.765, 0);animation-play-state:paused" ><g class="ld ld-fall" style="transform:matrix3d(0.195928, 0.96699, -0.162918, 0, -0.162918, 0.195928, 0.96699, 0, 0.96699, -0.162918, 0.195928, 0, 0, 366.949, 0, 1);animation-play-state:paused;animation-duration:4s;animation-delay:-1.71072s" ><rect x="-3.435917550202536" y="-4.903813448871372" width="6.871835100405072" height="9.807626897742743" fill="#ffb900" style="transform:matrix(1.79669, 0, 0, 1.79669, 0, 0);animation-play-state:paused" ></rect></g></g>
<g transform="translate(1197.177449048106 0)" style="transform:matrix(1, 0, 0, 1, 1197.18, 0);animation-play-state:paused" ><g class="ld ld-fall" style="transform:matrix3d(0.756327, -0.324415, 0.568088, 0, 0.568088, 0.756327, -0.324415, 0, -0.324415, 0.568088, 0.756327, 0, 0, 245.787, 0, 1);animation-play-state:paused;animation-duration:4s;animation-delay:-1.14586s" ><rect x="-4.924734771663577" y="-5.852734833195998" width="9.849469543327155" height="11.705469666391997" fill="#6a67ce" style="transform:matrix(3.08858, 0, 0, 3.08858, 0, 0);animation-play-state:paused" ></rect></g></g>
<g transform="translate(1279.3946034869919 0)" style="transform:matrix(1, 0, 0, 1, 1279.39, 0);animation-play-state:paused" ><g class="ld ld-fall" style="transform:matrix3d(0.97598, -0.14157, 0.16559, 0, 0.16559, 0.97598, -0.14157, 0, -0.14157, 0.16559, 0.97598, 0, 0, 559.744, 0, 1);animation-play-state:paused;animation-duration:4s;animation-delay:-2.60953s" ><rect x="-5.709417562303656" y="-4.329094011081411" width="11.418835124607313" height="8.658188022162822" fill="#3be8b0" style="transform:matrix(2.21422, 0, 0, 2.21422, 0, 0);animation-play-state:paused" ></rect></g></g>
<g transform="translate(266.3778422600241 0)" style="transform:matrix(1, 0, 0, 1, 266.378, 0);animation-play-state:paused" ><g class="ld ld-fall" style="transform:matrix3d(0.0416874, -0.0400164, 0.998329, 0, 0.998329, 0.0416874, -0.0400164, 0, -0.0400164, 0.998329, 0.0416874, 0, 0, 479.89, 0, 1);animation-play-state:paused;animation-duration:4s;animation-delay:-2.23725s" ><rect x="-5.026008151130446" y="-5.014526327413511" width="10.052016302260892" height="10.029052654827021" fill="#ffb900" style="transform:matrix(2.14375, 0, 0, 2.14375, 0, 0);animation-play-state:paused" ></rect></g></g>
<g transform="translate(118.285244109673 0)" style="transform:matrix(1, 0, 0, 1, 118.285, 0);animation-play-state:paused" ><g class="ld ld-fall" style="transform:matrix3d(0.729195, 0.599949, -0.329144, 0, -0.329144, 0.729195, 0.599949, 0, 0.599949, -0.329144, 0.729195, 0, 0, 42.5611, 0, 1);animation-play-state:paused;animation-duration:2s;animation-delay:-2.09921s" ><rect x="-5.147905826185302" y="-3.617615057808827" width="10.295811652370604" height="7.235230115617654" fill="#6a67ce" style="transform:matrix(1.50884, 0, 0, 1.50884, 0, 0);animation-play-state:paused" ></rect></g></g>
<g transform="translate(687.0395398232286 0)" style="transform:matrix(1, 0, 0, 1, 687.04, 0);animation-play-state:paused" ><g class="ld ld-fall" style="transform:matrix3d(0.591456, -0.328046, 0.736591, 0, 0.736591, 0.591456, -0.328046, 0, -0.328046, 0.736591, 0.591456, 0, 0, 232.597, 0, 1);animation-play-state:paused;animation-duration:2s;animation-delay:-0.542184s" ><rect x="-4.3128949281536375" y="-3.4831606386204297" width="8.625789856307275" height="6.966321277240859" fill="#3be8b0" style="transform:matrix(1.61265, 0, 0, 1.61265, 0, 0);animation-play-state:paused" ></rect></g></g>
<g transform="translate(498.7280325081435 0)" style="transform:matrix(1, 0, 0, 1, 498.728, 0);animation-play-state:paused" ><g class="ld ld-fall" style="transform:matrix3d(0.783316, -0.317651, 0.534335, 0, 0.534335, 0.783316, -0.317651, 0, -0.317651, 0.534335, 0.783316, 0, 0, 248.226, 0, 1);animation-play-state:paused;animation-duration:2s;animation-delay:-0.578615s" ><rect x="-4.584683575039201" y="-4.497906492075494" width="9.169367150078402" height="8.995812984150987" fill="#fc636b" style="transform:matrix(2.18315, 0, 0, 2.18315, 0, 0);animation-play-state:paused" ></rect></g></g>
<g transform="translate(1291.875289634415 0)" style="transform:matrix(1, 0, 0, 1, 1291.88, 0);animation-play-state:paused" ><g class="ld ld-fall" style="transform:matrix3d(0.619108, -0.33117, 0.712062, 0, 0.712062, 0.619108, -0.33117, 0, -0.33117, 0.712062, 0.619108, 0, 0, 234.665, 0, 1);animation-play-state:paused;animation-duration:4s;animation-delay:-1.09401s" ><rect x="-5.7912362431585365" y="-4.251805386556253" width="11.582472486317073" height="8.503610773112506" fill="#fc636b" style="transform:matrix(3.21596, 0, 0, 3.21596, 0, 0);animation-play-state:paused" ></rect></g></g>
<g transform="translate(688.744692910367 0)" style="transform:matrix(1, 0, 0, 1, 688.745, 0);animation-play-state:paused" ><g class="ld ld-fall" style="transform:matrix3d(0.793372, -0.314546, 0.521174, 0, 0.521174, 0.793372, -0.314546, 0, -0.314546, 0.521174, 0.793372, 0, 0, 249.165, 0, 1);animation-play-state:paused;animation-duration:4s;animation-delay:-1.16161s" ><rect x="-4.2487086440768005" y="-5.960265031762294" width="8.497417288153601" height="11.920530063524588" fill="#6a67ce" style="transform:matrix(2.7503, 0, 0, 2.7503, 0, 0);animation-play-state:paused" ></rect></g></g>
<g transform="translate(1358.1573841884317 0)" style="transform:matrix(1, 0, 0, 1, 1358.16, 0);animation-play-state:paused" ><g class="ld ld-fall" style="transform:matrix3d(0.568435, 0.756041, -0.324475, 0, -0.324475, 0.568435, 0.756041, 0, 0.756041, -0.324475, 0.568435, 0, 0, 627.095, 0, 1);animation-play-state:paused;animation-duration:2s;animation-delay:-1.46176s" ><rect x="-4.801335238555804" y="-4.330605251063736" width="9.602670477111609" height="8.661210502127473" fill="#3be8b0" style="transform:matrix(2.34212, 0, 0, 2.34212, 0, 0);animation-play-state:paused" ></rect></g></g>
<g transform="translate(964.0593481924399 0)" style="transform:matrix(1, 0, 0, 1, 964.059, 0);animation-play-state:paused" ><g class="ld ld-fall" style="transform:matrix3d(-0.136677, 0.977791, 0.158886, 0, 0.158886, -0.136677, 0.977791, 0, 0.977791, 0.158886, -0.136677, 0, 0, 679.116, 0, 1);animation-play-state:paused;animation-duration:2s;animation-delay:-1.58302s" ><rect x="-4.494702354139887" y="-4.662009576653788" width="8.989404708279775" height="9.324019153307576" fill="#fc636b" style="transform:matrix(1.71858, 0, 0, 1.71858, 0, 0);animation-play-state:paused" ></rect></g></g>
<g transform="translate(130.6703597059211 0)" style="transform:matrix(1, 0, 0, 1, 130.67, 0);animation-play-state:paused" ><g class="ld ld-fall" style="transform:matrix3d(-0.302332, 0.477152, 0.825179, 0, 0.825179, -0.302332, 0.477152, 0, 0.477152, 0.825179, -0.302332, 0, 0, 156.936, 0, 1);animation-play-state:paused;animation-duration:2s;animation-delay:-0.365818s" ><rect x="-4.335746123084222" y="-4.821690674196981" width="8.671492246168444" height="9.643381348393962" fill="#1aafd0" style="transform:matrix(3.48865, 0, 0, 3.48865, 0, 0);animation-play-state:paused" ></rect></g></g>
<g transform="translate(122.16552882706677 0)" style="transform:matrix(1, 0, 0, 1, 122.166, 0);animation-play-state:paused" ><g class="ld ld-fall" style="transform:matrix3d(0.753992, -0.3249, 0.570909, 0, 0.570909, 0.753992, -0.3249, 0, -0.3249, 0.570909, 0.753992, 0, 0, 245.581, 0, 1);animation-play-state:paused;animation-duration:4s;animation-delay:-1.1449s" ><rect x="-5.412958577923677" y="-4.7159005526557145" width="10.825917155847353" height="9.431801105311429" fill="#6a67ce" style="transform:matrix(3.0384, 0, 0, 3.0384, 0, 0);animation-play-state:paused" ></rect></g></g>
<g transform="translate(1308.3952380789456 0)" style="transform:matrix(1, 0, 0, 1, 1308.4, 0);animation-play-state:paused" ><g class="ld ld-fall" style="transform:matrix3d(0.93644, 0.277809, -0.214249, 0, -0.214249, 0.93644, 0.277809, 0, 0.277809, -0.214249, 0.93644, 0, 0, 306.038, 0, 1);animation-play-state:paused;animation-duration:4s;animation-delay:-1.42675s" ><rect x="-5.1816988428155195" y="-4.240071653178457" width="10.363397685631039" height="8.480143306356913" fill="#ffb900" style="transform:matrix(3.04823, 0, 0, 3.04823, 0, 0);animation-play-state:paused" ></rect></g></g>
<g transform="translate(1239.3142776824814 0)" style="transform:matrix(1, 0, 0, 1, 1239.31, 0);animation-play-state:paused" ><g class="ld ld-fall" style="transform:matrix3d(0.998067, 0.0448995, -0.0429666, 0, -0.0429666, 0.998067, 0.0448995, 0, 0.0448995, -0.0429666, 0.998067, 0, 0, 575.467, 0, 1);animation-play-state:paused;animation-duration:4s;animation-delay:-2.68283s" ><rect x="-5.626572207765362" y="-5.085666795684096" width="11.253144415530723" height="10.171333591368192" fill="#3be8b0" style="transform:matrix(3.43914, 0, 0, 3.43914, 0, 0);animation-play-state:paused" ></rect></g></g>
<g transform="translate(360.00583401861155 0)" style="transform:matrix(1, 0, 0, 1, 360.006, 0);animation-play-state:paused" ><g class="ld ld-fall" style="transform:matrix3d(0.613818, 0.716856, -0.330674, 0, -0.330674, 0.613818, 0.716856, 0, 0.716856, -0.330674, 0.613818, 0, 0, 623.734, 0, 1);animation-play-state:paused;animation-duration:4s;animation-delay:-2.90785s" ><rect x="-4.29523502974013" y="-3.116241060888282" width="8.59047005948026" height="6.232482121776564" fill="#3be8b0" style="transform:matrix(3.47219, 0, 0, 3.47219, 0, 0);animation-play-state:paused" ></rect></g></g></g>

  
<g transform="translate(0 -29.910938920160334)" style="transform:matrix(1, 0, 0, 1, 0, -29.9109);animation-play-state:paused" ><g transform="translate(1413.7135177560037 0)" style="transform:matrix(1, 0, 0, 1, 1413.71, 0);animation-play-state:paused" ><g class="ld ld-fall" style="transform:matrix(1, 0, 0, 1, 0, 0);animation-play-state:paused;animation-duration:4s" ><rect x="-4.216020835700378" y="-5.713906873185752" width="8.432041671400755" height="11.427813746371504" fill="#fc636b" style="transform:matrix(1.60892, 0, 0, 1.60892, 0, 0);animation-play-state:paused" ></rect></g></g>
<g transform="translate(38.39745940820516 0)" style="transform:matrix(1, 0, 0, 1, 38.3975, 0);animation-play-state:paused" ><g class="ld ld-fall" style="transform:matrix3d(-0.115288, 0.984712, 0.130576, 0, 0.130576, -0.115288, 0.984712, 0, 0.984712, 0.130576, -0.115288, 0, 0, 105.1, 0, 1);animation-play-state:paused;animation-duration:4s;animation-delay:-0.489977s" ><rect x="-3.606924356182339" y="-3.3476395401497356" width="7.213848712364678" height="6.695279080299471" fill="#1aafd0" style="transform:matrix(2.821, 0, 0, 2.821, 0, 0);animation-play-state:paused" ></rect></g></g>
<g transform="translate(166.80905285253888 0)" style="transform:matrix(1, 0, 0, 1, 166.809, 0);animation-play-state:paused" ><g class="ld ld-fall" style="transform:matrix3d(0.922628, 0.308653, -0.231281, 0, -0.231281, 0.922628, 0.308653, 0, 0.308653, -0.231281, 0.922628, 0, 0, 594.148, 0, 1);animation-play-state:paused;animation-duration:2s;animation-delay:-3.38496s" ><rect x="-3.377065128830689" y="-5.035196259240607" width="6.754130257661378" height="10.070392518481214" fill="#6a67ce" style="transform:matrix(2.49335, 0, 0, 2.49335, 0, 0);animation-play-state:paused" ></rect></g></g>
<g transform="translate(1085.2015208628384 0)" style="transform:matrix(1, 0, 0, 1, 1085.2, 0);animation-play-state:paused" ><g class="ld ld-fall" style="transform:matrix3d(0.887301, 0.377556, -0.264857, 0, -0.264857, 0.887301, 0.377556, 0, 0.377556, -0.264857, 0.887301, 0, 0, 26.855, 0, 1);animation-play-state:paused;animation-duration:4s;animation-delay:-0.125198s" ><rect x="-3.935271480299143" y="-4.186065773654189" width="7.870542960598286" height="8.372131547308378" fill="#3be8b0" style="transform:matrix(3.07482, 0, 0, 3.07482, 0, 0);animation-play-state:paused" ></rect></g></g>
<g transform="translate(74.43500656802549 0)" style="transform:matrix(1, 0, 0, 1, 74.435, 0);animation-play-state:paused" ><g class="ld ld-fall" style="transform:matrix3d(0.902968, 0.348467, -0.251435, 0, -0.251435, 0.902968, 0.348467, 0, 0.348467, -0.251435, 0.902968, 0, 0, 310.867, 0, 1);animation-play-state:paused;animation-duration:2s;animation-delay:-0.724631s" ><rect x="-4.954754148556254" y="-5.315612926706548" width="9.909508297112508" height="10.631225853413095" fill="#ffb900" style="transform:matrix(1.78862, 0, 0, 1.78862, 0, 0);animation-play-state:paused" ></rect></g></g>
<g transform="translate(477.77540436902575 0)" style="transform:matrix(1, 0, 0, 1, 477.775, 0);animation-play-state:paused" ><g class="ld ld-fall" style="transform:matrix3d(0.946048, -0.200552, 0.254504, 0, 0.254504, 0.946048, -0.200552, 0, -0.200552, 0.254504, 0.946048, 0, 0, 839.562, 0, 1);animation-play-state:paused;animation-duration:2s;animation-delay:-1.95702s" ><rect x="-5.804757171426115" y="-3.0356097806873428" width="11.60951434285223" height="6.0712195613746855" fill="#6a67ce" style="transform:matrix(2.02431, 0, 0, 2.02431, 0, 0);animation-play-state:paused" ></rect></g></g>
<g transform="translate(1331.1839133199203 0)" style="transform:matrix(1, 0, 0, 1, 1331.18, 0);animation-play-state:paused" ><g class="ld ld-fall" style="transform:matrix3d(0.4331, 0.854299, -0.287399, 0, -0.287399, 0.4331, 0.854299, 0, 0.854299, -0.287399, 0.4331, 0, 0, 64.6625, 0, 1);animation-play-state:paused;animation-duration:4s;animation-delay:-0.301457s" ><rect x="-5.769970362064102" y="-3.0430095397645416" width="11.539940724128204" height="6.086019079529083" fill="#fc636b" style="transform:matrix(3.03605, 0, 0, 3.03605, 0, 0);animation-play-state:paused" ></rect></g></g>
<g transform="translate(867.5969824170768 0)" style="transform:matrix(1, 0, 0, 1, 867.597, 0);animation-play-state:paused" ><g class="ld ld-fall" style="transform:matrix3d(0.469786, -0.30002, 0.830234, 0, 0.830234, 0.469786, -0.30002, 0, -0.30002, 0.830234, 0.469786, 0, 0, 795.883, 0, 1);animation-play-state:paused;animation-duration:4s;animation-delay:-3.71041s" ><rect x="-3.0163493545437703" y="-3.281493835674228" width="6.032698709087541" height="6.562987671348456" fill="#1aafd0" style="transform:matrix(1.7761, 0, 0, 1.7761, 0, 0);animation-play-state:paused" ></rect></g></g>
<g transform="translate(898.1300285142239 0)" style="transform:matrix(1, 0, 0, 1, 898.13, 0);animation-play-state:paused" ><g class="ld ld-fall" style="transform:matrix3d(-0.132627, 0.979223, 0.153405, 0, 0.153405, -0.132627, 0.979223, 0, 0.979223, 0.153405, -0.132627, 0, 0, 678.727, 0, 1);animation-play-state:paused;animation-duration:4s;animation-delay:-3.16423s" ><rect x="-4.581275842030273" y="-3.379309774756674" width="9.162551684060546" height="6.758619549513348" fill="#ffb900" style="transform:matrix(2.03345, 0, 0, 2.03345, 0, 0);animation-play-state:paused" ></rect></g></g>
<g transform="translate(448.76506107895784 0)" style="transform:matrix(1, 0, 0, 1, 448.765, 0);animation-play-state:paused" ><g class="ld ld-fall" style="transform:matrix3d(0.195928, 0.96699, -0.162918, 0, -0.162918, 0.195928, 0.96699, 0, 0.96699, -0.162918, 0.195928, 0, 0, 366.949, 0, 1);animation-play-state:paused;animation-duration:4s;animation-delay:-1.71072s" ><rect x="-3.435917550202536" y="-4.903813448871372" width="6.871835100405072" height="9.807626897742743" fill="#ffb900" style="transform:matrix(1.79669, 0, 0, 1.79669, 0, 0);animation-play-state:paused" ></rect></g></g>
<g transform="translate(1197.177449048106 0)" style="transform:matrix(1, 0, 0, 1, 1197.18, 0);animation-play-state:paused" ><g class="ld ld-fall" style="transform:matrix3d(0.756327, -0.324415, 0.568088, 0, 0.568088, 0.756327, -0.324415, 0, -0.324415, 0.568088, 0.756327, 0, 0, 245.787, 0, 1);animation-play-state:paused;animation-duration:4s;animation-delay:-1.14586s" ><rect x="-4.924734771663577" y="-5.852734833195998" width="9.849469543327155" height="11.705469666391997" fill="#6a67ce" style="transform:matrix(3.08858, 0, 0, 3.08858, 0, 0);animation-play-state:paused" ></rect></g></g>
<g transform="translate(1279.3946034869919 0)" style="transform:matrix(1, 0, 0, 1, 1279.39, 0);animation-play-state:paused" ><g class="ld ld-fall" style="transform:matrix3d(0.97598, -0.14157, 0.16559, 0, 0.16559, 0.97598, -0.14157, 0, -0.14157, 0.16559, 0.97598, 0, 0, 559.744, 0, 1);animation-play-state:paused;animation-duration:4s;animation-delay:-2.60953s" ><rect x="-5.709417562303656" y="-4.329094011081411" width="11.418835124607313" height="8.658188022162822" fill="#3be8b0" style="transform:matrix(2.21422, 0, 0, 2.21422, 0, 0);animation-play-state:paused" ></rect></g></g>
<g transform="translate(266.3778422600241 0)" style="transform:matrix(1, 0, 0, 1, 266.378, 0);animation-play-state:paused" ><g class="ld ld-fall" style="transform:matrix3d(0.0416874, -0.0400164, 0.998329, 0, 0.998329, 0.0416874, -0.0400164, 0, -0.0400164, 0.998329, 0.0416874, 0, 0, 479.89, 0, 1);animation-play-state:paused;animation-duration:4s;animation-delay:-2.23725s" ><rect x="-5.026008151130446" y="-5.014526327413511" width="10.052016302260892" height="10.029052654827021" fill="#ffb900" style="transform:matrix(2.14375, 0, 0, 2.14375, 0, 0);animation-play-state:paused" ></rect></g></g>
<g transform="translate(118.285244109673 0)" style="transform:matrix(1, 0, 0, 1, 118.285, 0);animation-play-state:paused" ><g class="ld ld-fall" style="transform:matrix3d(0.729195, 0.599949, -0.329144, 0, -0.329144, 0.729195, 0.599949, 0, 0.599949, -0.329144, 0.729195, 0, 0, 42.5611, 0, 1);animation-play-state:paused;animation-duration:2s;animation-delay:-2.09921s" ><rect x="-5.147905826185302" y="-3.617615057808827" width="10.295811652370604" height="7.235230115617654" fill="#6a67ce" style="transform:matrix(1.50884, 0, 0, 1.50884, 0, 0);animation-play-state:paused" ></rect></g></g>
<g transform="translate(687.0395398232286 0)" style="transform:matrix(1, 0, 0, 1, 687.04, 0);animation-play-state:paused" ><g class="ld ld-fall" style="transform:matrix3d(0.591456, -0.328046, 0.736591, 0, 0.736591, 0.591456, -0.328046, 0, -0.328046, 0.736591, 0.591456, 0, 0, 232.597, 0, 1);animation-play-state:paused;animation-duration:2s;animation-delay:-0.542184s" ><rect x="-4.3128949281536375" y="-3.4831606386204297" width="8.625789856307275" height="6.966321277240859" fill="#3be8b0" style="transform:matrix(1.61265, 0, 0, 1.61265, 0, 0);animation-play-state:paused" ></rect></g></g>
<g transform="translate(498.7280325081435 0)" style="transform:matrix(1, 0, 0, 1, 498.728, 0);animation-play-state:paused" ><g class="ld ld-fall" style="transform:matrix3d(0.783316, -0.317651, 0.534335, 0, 0.534335, 0.783316, -0.317651, 0, -0.317651, 0.534335, 0.783316, 0, 0, 248.226, 0, 1);animation-play-state:paused;animation-duration:2s;animation-delay:-0.578615s" ><rect x="-4.584683575039201" y="-4.497906492075494" width="9.169367150078402" height="8.995812984150987" fill="#fc636b" style="transform:matrix(2.18315, 0, 0, 2.18315, 0, 0);animation-play-state:paused" ></rect></g></g>
<g transform="translate(1291.875289634415 0)" style="transform:matrix(1, 0, 0, 1, 1291.88, 0);animation-play-state:paused" ><g class="ld ld-fall" style="transform:matrix3d(0.619108, -0.33117, 0.712062, 0, 0.712062, 0.619108, -0.33117, 0, -0.33117, 0.712062, 0.619108, 0, 0, 234.665, 0, 1);animation-play-state:paused;animation-duration:4s;animation-delay:-1.09401s" ><rect x="-5.7912362431585365" y="-4.251805386556253" width="11.582472486317073" height="8.503610773112506" fill="#fc636b" style="transform:matrix(3.21596, 0, 0, 3.21596, 0, 0);animation-play-state:paused" ></rect></g></g>
<g transform="translate(688.744692910367 0)" style="transform:matrix(1, 0, 0, 1, 688.745, 0);animation-play-state:paused" ><g class="ld ld-fall" style="transform:matrix3d(0.793372, -0.314546, 0.521174, 0, 0.521174, 0.793372, -0.314546, 0, -0.314546, 0.521174, 0.793372, 0, 0, 249.165, 0, 1);animation-play-state:paused;animation-duration:4s;animation-delay:-1.16161s" ><rect x="-4.2487086440768005" y="-5.960265031762294" width="8.497417288153601" height="11.920530063524588" fill="#6a67ce" style="transform:matrix(2.7503, 0, 0, 2.7503, 0, 0);animation-play-state:paused" ></rect></g></g>
<g transform="translate(1358.1573841884317 0)" style="transform:matrix(1, 0, 0, 1, 1358.16, 0);animation-play-state:paused" ><g class="ld ld-fall" style="transform:matrix3d(0.568435, 0.756041, -0.324475, 0, -0.324475, 0.568435, 0.756041, 0, 0.756041, -0.324475, 0.568435, 0, 0, 627.095, 0, 1);animation-play-state:paused;animation-duration:2s;animation-delay:-1.46176s" ><rect x="-4.801335238555804" y="-4.330605251063736" width="9.602670477111609" height="8.661210502127473" fill="#3be8b0" style="transform:matrix(2.34212, 0, 0, 2.34212, 0, 0);animation-play-state:paused" ></rect></g></g>
<g transform="translate(964.0593481924399 0)" style="transform:matrix(1, 0, 0, 1, 964.059, 0);animation-play-state:paused" ><g class="ld ld-fall" style="transform:matrix3d(-0.136677, 0.977791, 0.158886, 0, 0.158886, -0.136677, 0.977791, 0, 0.977791, 0.158886, -0.136677, 0, 0, 679.116, 0, 1);animation-play-state:paused;animation-duration:2s;animation-delay:-1.58302s" ><rect x="-4.494702354139887" y="-4.662009576653788" width="8.989404708279775" height="9.324019153307576" fill="#fc636b" style="transform:matrix(1.71858, 0, 0, 1.71858, 0, 0);animation-play-state:paused" ></rect></g></g>
<g transform="translate(130.6703597059211 0)" style="transform:matrix(1, 0, 0, 1, 130.67, 0);animation-play-state:paused" ><g class="ld ld-fall" style="transform:matrix3d(-0.302332, 0.477152, 0.825179, 0, 0.825179, -0.302332, 0.477152, 0, 0.477152, 0.825179, -0.302332, 0, 0, 156.936, 0, 1);animation-play-state:paused;animation-duration:2s;animation-delay:-0.365818s" ><rect x="-4.335746123084222" y="-4.821690674196981" width="8.671492246168444" height="9.643381348393962" fill="#1aafd0" style="transform:matrix(3.48865, 0, 0, 3.48865, 0, 0);animation-play-state:paused" ></rect></g></g>
<g transform="translate(122.16552882706677 0)" style="transform:matrix(1, 0, 0, 1, 122.166, 0);animation-play-state:paused" ><g class="ld ld-fall" style="transform:matrix3d(0.753992, -0.3249, 0.570909, 0, 0.570909, 0.753992, -0.3249, 0, -0.3249, 0.570909, 0.753992, 0, 0, 245.581, 0, 1);animation-play-state:paused;animation-duration:4s;animation-delay:-1.1449s" ><rect x="-5.412958577923677" y="-4.7159005526557145" width="10.825917155847353" height="9.431801105311429" fill="#6a67ce" style="transform:matrix(3.0384, 0, 0, 3.0384, 0, 0);animation-play-state:paused" ></rect></g></g>
<g transform="translate(1308.3952380789456 0)" style="transform:matrix(1, 0, 0, 1, 1308.4, 0);animation-play-state:paused" ><g class="ld ld-fall" style="transform:matrix3d(0.93644, 0.277809, -0.214249, 0, -0.214249, 0.93644, 0.277809, 0, 0.277809, -0.214249, 0.93644, 0, 0, 306.038, 0, 1);animation-play-state:paused;animation-duration:4s;animation-delay:-1.42675s" ><rect x="-5.1816988428155195" y="-4.240071653178457" width="10.363397685631039" height="8.480143306356913" fill="#ffb900" style="transform:matrix(3.04823, 0, 0, 3.04823, 0, 0);animation-play-state:paused" ></rect></g></g>
<g transform="translate(1239.3142776824814 0)" style="transform:matrix(1, 0, 0, 1, 1239.31, 0);animation-play-state:paused" ><g class="ld ld-fall" style="transform:matrix3d(0.998067, 0.0448995, -0.0429666, 0, -0.0429666, 0.998067, 0.0448995, 0, 0.0448995, -0.0429666, 0.998067, 0, 0, 575.467, 0, 1);animation-play-state:paused;animation-duration:4s;animation-delay:-2.68283s" ><rect x="-5.626572207765362" y="-5.085666795684096" width="11.253144415530723" height="10.171333591368192" fill="#3be8b0" style="transform:matrix(3.43914, 0, 0, 3.43914, 0, 0);animation-play-state:paused" ></rect></g></g>
<g transform="translate(360.00583401861155 0)" style="transform:matrix(1, 0, 0, 1, 360.006, 0);animation-play-state:paused" ><g class="ld ld-fall" style="transform:matrix3d(0.613818, 0.716856, -0.330674, 0, -0.330674, 0.613818, 0.716856, 0, 0.716856, -0.330674, 0.613818, 0, 0, 623.734, 0, 1);animation-play-state:paused;animation-duration:4s;animation-delay:-2.90785s" ><rect x="-4.29523502974013" y="-3.116241060888282" width="8.59047005948026" height="6.232482121776564" fill="#3be8b0" style="transform:matrix(3.47219, 0, 0, 3.47219, 0, 0);animation-play-state:paused" ></rect></g></g></g></g></svg>